##Fabricas Respuesta = 4185
17 20 13 12 70
15 21 26 25 90
15 14 15 17 115
50 60 70 95 0

##Plantas de energia R = 102850
600 700 700 25
320 300 250 40
500 480 450 50
30 35 25 0

15 25 23 18 40 800
17 22 31 28 44 1000
200 150 200 180 500 0

37.7 32.9 33.8 37 1
43.4 33.1 42.2 34.7 1
33.3 28.5 38.9 30.4 1
29.2 26.4 29.6 28.5 1
1 1 1 1 0


61 72 45 55 66 15
64 78 60 49 56 20
59 66 63 61 47 15
11 12 9 10 8 0

58.5 68.3 47.8 55 63.5 15
65.3 74.8 55 49 57.5 20
59 61.3 63.5 58.8 50 15
11 12 9 10 8 0